{
 "cells": [
  {
   "cell_type": "markdown",
   "id": "22d2f48e",
   "metadata": {},
   "source": [
    "CSC715M - Natural Language Processing\n",
    "\n",
    "Members: Julian Roger Go, Jairus Nolasco\n",
    "\n",
    "Link to Presentation Video and Source Files: https://drive.google.com/drive/u/0/folders/1TV-hwQvHcGgginrUba478tR11P_3qQqu"
   ]
  },
  {
   "cell_type": "code",
   "execution_count": 7,
   "id": "3ffbff33",
   "metadata": {},
   "outputs": [
    {
     "name": "stdout",
     "output_type": "stream",
     "text": [
      "ROOT: d:\\OneDrive\\Documents\\My Learning Resource\\University Courses\\DLSU\\2025-26\\T1\\CSC715M\\assignments\\mc01\n",
      "Python: 3.12.3 | Windows-11-10.0.26200-SP0\n",
      "Run time: 2025-10-25T08:21:32\n",
      "Has outputs: True True\n"
     ]
    }
   ],
   "source": [
    "from pathlib import Path\n",
    "import sys, json, platform, datetime\n",
    "\n",
    "def find_root(markers=(\"config.json\",\"corpus.json\",\"outputs\")):\n",
    "    p = Path.cwd()\n",
    "    for c in (p, *p.parents):\n",
    "        if all((c/m).exists() for m in markers if m != \"outputs\") and (c/\"outputs\").exists():\n",
    "            return c\n",
    "    # fallback: if running next to outputs\n",
    "    for c in (p, *p.parents):\n",
    "        if (c/\"outputs\").exists():\n",
    "            return c\n",
    "    return Path.cwd()\n",
    "\n",
    "ROOT = find_root()\n",
    "CLEAN = ROOT/\"data_clean\"\n",
    "OUT   = ROOT/\"outputs\"\n",
    "print(\"ROOT:\", ROOT)\n",
    "print(\"Python:\", sys.version.split(\" \")[0], \"|\", platform.platform())\n",
    "print(\"Run time:\", datetime.datetime.now().isoformat(timespec=\"seconds\"))\n",
    "print(\"Has outputs:\", (OUT/\"similarity_distance.pkl\").exists(), (OUT/\"upgma.pkl\").exists())"
   ]
  },
  {
   "cell_type": "markdown",
   "id": "11ee78c7",
   "metadata": {},
   "source": [
    "\n",
    "## 1. Introduction & Objectives\n",
    "\n",
    "This project explores **relationships among languages** using **computational similarity** built from **character n‑gram TF‑IDF** features. We:\n",
    "- build a similarity matrix across 16 languages,\n",
    "- derive **clusters** via UPGMA (Unweighted Pair Group Method with Arithmetic Mean) and a **dendrogram**,\n",
    "- visualize in 2D with **classical MDS (Multidimensional Scaling)**,\n",
    "- provide **linguistic/sociocultural interpretations**, and\n",
    "- report **evaluation** (cophenetic correlation) and **limitations**.\n",
    "\n",
    "**Research questions.**  \n",
    "- Which languages form tight clusters and why (lexical, orthographic, historical contact)?  \n",
    "- How do reference languages (e.g., English, Spanish) position relative to Philippine languages?"
   ]
  },
  {
   "cell_type": "markdown",
   "id": "2560ddb0",
   "metadata": {},
   "source": [
    "### 2. Data Sources\n",
    "\n",
    "* **Biblical text PDFs** were used as the primary corpus for all languages. Each text was manually extracted and normalized from publicly available Bible translations.\n",
    "* While all samples are derived from the Bible, structural variations (verse numbering, phrasing, translation style) may differ across languages and versions.\n",
    "* The corpus for each language was capped at approximately **50,000 words** after normalization and tokenization to ensure comparability in dataset size.\n",
    "\n",
    "**Selected languages (from `config.json`):**\n",
    "\n",
    "* *(Auto-printed below from artifacts.)*"
   ]
  },
  {
   "cell_type": "code",
   "execution_count": 8,
   "id": "265cc0f7",
   "metadata": {},
   "outputs": [
    {
     "name": "stdout",
     "output_type": "stream",
     "text": [
      "Languages (kept in analysis): 16\n",
      "['ilocano', 'kapampangan', 'maguindanao', 'ibanag', 'tausug', 'pangasinan', 'kankanaey', 'tagalog', 'cebuano', 'hiligaynon', 'bikol', 'maranao', 'waray', 'chavacano', 'spanish', 'english']\n",
      "Merges: 15\n"
     ]
    }
   ],
   "source": [
    "import pickle, pandas as pd\n",
    "from IPython.display import display, Image\n",
    "\n",
    "sd = pickle.load(open(OUT/\"similarity_distance.pkl\",\"rb\"))\n",
    "langs, S, Dist = sd[\"langs\"], sd[\"S\"], sd[\"Dist\"]\n",
    "print(\"Languages (kept in analysis):\", len(langs))\n",
    "print(langs)\n",
    "\n",
    "# Attempt to load merges (for dendrogram/eval)\n",
    "up = pickle.load(open(OUT/\"upgma.pkl\",\"rb\"))\n",
    "merges = up[\"merges\"]\n",
    "print(\"Merges:\", len(merges))\n"
   ]
  },
  {
   "cell_type": "markdown",
   "id": "22e1c219",
   "metadata": {},
   "source": [
    "\n",
    "## 3. Preprocessing & Feature Engineering\n",
    "\n",
    "**Normalization (Notebook 02).**  \n",
    "- Lowercasing; remove URLs/digits; keep word characters incl. **ñ á é í ó ú ü**; collapse whitespace.  \n",
    "- Cap to **50,000 words** per language (warn or skip if missing).\n",
    "\n",
    "**Features (Notebook 03a).**  \n",
    "- **Character n‑grams** (size *N* from `config.json`) over normalized text.  \n",
    "- **TF weighting** per document.\n",
    "\n",
    "**Similarity.**  \n",
    "- **Cosine similarity** between TF vectors → distance = 1 − cosine.\n"
   ]
  },
  {
   "cell_type": "markdown",
   "id": "5ae6732a",
   "metadata": {},
   "source": [
    "\n",
    "## 4. Results — Similarity Matrix & Distance Matrix\n"
   ]
  },
  {
   "cell_type": "code",
   "execution_count": 9,
   "id": "3ba9ab91",
   "metadata": {},
   "outputs": [
    {
     "name": "stdout",
     "output_type": "stream",
     "text": [
      "Cosine similarity (rounded):\n"
     ]
    },
    {
     "data": {
      "text/html": [
       "<div>\n",
       "<style scoped>\n",
       "    .dataframe tbody tr th:only-of-type {\n",
       "        vertical-align: middle;\n",
       "    }\n",
       "\n",
       "    .dataframe tbody tr th {\n",
       "        vertical-align: top;\n",
       "    }\n",
       "\n",
       "    .dataframe thead th {\n",
       "        text-align: right;\n",
       "    }\n",
       "</style>\n",
       "<table border=\"1\" class=\"dataframe\">\n",
       "  <thead>\n",
       "    <tr style=\"text-align: right;\">\n",
       "      <th></th>\n",
       "      <th>ilocano</th>\n",
       "      <th>kapampangan</th>\n",
       "      <th>maguindanao</th>\n",
       "      <th>ibanag</th>\n",
       "      <th>tausug</th>\n",
       "      <th>pangasinan</th>\n",
       "      <th>kankanaey</th>\n",
       "      <th>tagalog</th>\n",
       "      <th>cebuano</th>\n",
       "      <th>hiligaynon</th>\n",
       "      <th>bikol</th>\n",
       "      <th>maranao</th>\n",
       "      <th>waray</th>\n",
       "      <th>chavacano</th>\n",
       "      <th>spanish</th>\n",
       "      <th>english</th>\n",
       "    </tr>\n",
       "  </thead>\n",
       "  <tbody>\n",
       "    <tr>\n",
       "      <th>ilocano</th>\n",
       "      <td>1.000</td>\n",
       "      <td>0.389</td>\n",
       "      <td>0.475</td>\n",
       "      <td>0.463</td>\n",
       "      <td>0.387</td>\n",
       "      <td>0.493</td>\n",
       "      <td>0.438</td>\n",
       "      <td>0.394</td>\n",
       "      <td>0.403</td>\n",
       "      <td>0.431</td>\n",
       "      <td>0.464</td>\n",
       "      <td>0.500</td>\n",
       "      <td>0.425</td>\n",
       "      <td>0.258</td>\n",
       "      <td>0.160</td>\n",
       "      <td>0.131</td>\n",
       "    </tr>\n",
       "    <tr>\n",
       "      <th>kapampangan</th>\n",
       "      <td>0.389</td>\n",
       "      <td>1.000</td>\n",
       "      <td>0.477</td>\n",
       "      <td>0.397</td>\n",
       "      <td>0.483</td>\n",
       "      <td>0.474</td>\n",
       "      <td>0.396</td>\n",
       "      <td>0.779</td>\n",
       "      <td>0.599</td>\n",
       "      <td>0.610</td>\n",
       "      <td>0.608</td>\n",
       "      <td>0.430</td>\n",
       "      <td>0.411</td>\n",
       "      <td>0.225</td>\n",
       "      <td>0.136</td>\n",
       "      <td>0.179</td>\n",
       "    </tr>\n",
       "    <tr>\n",
       "      <th>maguindanao</th>\n",
       "      <td>0.475</td>\n",
       "      <td>0.477</td>\n",
       "      <td>1.000</td>\n",
       "      <td>0.514</td>\n",
       "      <td>0.603</td>\n",
       "      <td>0.563</td>\n",
       "      <td>0.488</td>\n",
       "      <td>0.497</td>\n",
       "      <td>0.531</td>\n",
       "      <td>0.552</td>\n",
       "      <td>0.654</td>\n",
       "      <td>0.638</td>\n",
       "      <td>0.483</td>\n",
       "      <td>0.296</td>\n",
       "      <td>0.170</td>\n",
       "      <td>0.119</td>\n",
       "    </tr>\n",
       "    <tr>\n",
       "      <th>ibanag</th>\n",
       "      <td>0.463</td>\n",
       "      <td>0.397</td>\n",
       "      <td>0.514</td>\n",
       "      <td>1.000</td>\n",
       "      <td>0.471</td>\n",
       "      <td>0.553</td>\n",
       "      <td>0.492</td>\n",
       "      <td>0.460</td>\n",
       "      <td>0.473</td>\n",
       "      <td>0.532</td>\n",
       "      <td>0.521</td>\n",
       "      <td>0.462</td>\n",
       "      <td>0.565</td>\n",
       "      <td>0.394</td>\n",
       "      <td>0.200</td>\n",
       "      <td>0.124</td>\n",
       "    </tr>\n",
       "    <tr>\n",
       "      <th>tausug</th>\n",
       "      <td>0.387</td>\n",
       "      <td>0.483</td>\n",
       "      <td>0.603</td>\n",
       "      <td>0.471</td>\n",
       "      <td>1.000</td>\n",
       "      <td>0.559</td>\n",
       "      <td>0.571</td>\n",
       "      <td>0.541</td>\n",
       "      <td>0.551</td>\n",
       "      <td>0.594</td>\n",
       "      <td>0.690</td>\n",
       "      <td>0.587</td>\n",
       "      <td>0.623</td>\n",
       "      <td>0.314</td>\n",
       "      <td>0.158</td>\n",
       "      <td>0.152</td>\n",
       "    </tr>\n",
       "    <tr>\n",
       "      <th>pangasinan</th>\n",
       "      <td>0.493</td>\n",
       "      <td>0.474</td>\n",
       "      <td>0.563</td>\n",
       "      <td>0.553</td>\n",
       "      <td>0.559</td>\n",
       "      <td>1.000</td>\n",
       "      <td>0.684</td>\n",
       "      <td>0.506</td>\n",
       "      <td>0.485</td>\n",
       "      <td>0.552</td>\n",
       "      <td>0.672</td>\n",
       "      <td>0.665</td>\n",
       "      <td>0.575</td>\n",
       "      <td>0.390</td>\n",
       "      <td>0.243</td>\n",
       "      <td>0.258</td>\n",
       "    </tr>\n",
       "    <tr>\n",
       "      <th>kankanaey</th>\n",
       "      <td>0.438</td>\n",
       "      <td>0.396</td>\n",
       "      <td>0.488</td>\n",
       "      <td>0.492</td>\n",
       "      <td>0.571</td>\n",
       "      <td>0.684</td>\n",
       "      <td>1.000</td>\n",
       "      <td>0.481</td>\n",
       "      <td>0.414</td>\n",
       "      <td>0.453</td>\n",
       "      <td>0.594</td>\n",
       "      <td>0.517</td>\n",
       "      <td>0.457</td>\n",
       "      <td>0.406</td>\n",
       "      <td>0.232</td>\n",
       "      <td>0.176</td>\n",
       "    </tr>\n",
       "    <tr>\n",
       "      <th>tagalog</th>\n",
       "      <td>0.394</td>\n",
       "      <td>0.779</td>\n",
       "      <td>0.497</td>\n",
       "      <td>0.460</td>\n",
       "      <td>0.541</td>\n",
       "      <td>0.506</td>\n",
       "      <td>0.481</td>\n",
       "      <td>1.000</td>\n",
       "      <td>0.771</td>\n",
       "      <td>0.796</td>\n",
       "      <td>0.727</td>\n",
       "      <td>0.509</td>\n",
       "      <td>0.498</td>\n",
       "      <td>0.262</td>\n",
       "      <td>0.141</td>\n",
       "      <td>0.182</td>\n",
       "    </tr>\n",
       "    <tr>\n",
       "      <th>cebuano</th>\n",
       "      <td>0.403</td>\n",
       "      <td>0.599</td>\n",
       "      <td>0.531</td>\n",
       "      <td>0.473</td>\n",
       "      <td>0.551</td>\n",
       "      <td>0.485</td>\n",
       "      <td>0.414</td>\n",
       "      <td>0.771</td>\n",
       "      <td>1.000</td>\n",
       "      <td>0.858</td>\n",
       "      <td>0.723</td>\n",
       "      <td>0.570</td>\n",
       "      <td>0.602</td>\n",
       "      <td>0.301</td>\n",
       "      <td>0.146</td>\n",
       "      <td>0.149</td>\n",
       "    </tr>\n",
       "    <tr>\n",
       "      <th>hiligaynon</th>\n",
       "      <td>0.431</td>\n",
       "      <td>0.610</td>\n",
       "      <td>0.552</td>\n",
       "      <td>0.532</td>\n",
       "      <td>0.594</td>\n",
       "      <td>0.552</td>\n",
       "      <td>0.453</td>\n",
       "      <td>0.796</td>\n",
       "      <td>0.858</td>\n",
       "      <td>1.000</td>\n",
       "      <td>0.757</td>\n",
       "      <td>0.584</td>\n",
       "      <td>0.644</td>\n",
       "      <td>0.357</td>\n",
       "      <td>0.166</td>\n",
       "      <td>0.161</td>\n",
       "    </tr>\n",
       "    <tr>\n",
       "      <th>bikol</th>\n",
       "      <td>0.464</td>\n",
       "      <td>0.608</td>\n",
       "      <td>0.654</td>\n",
       "      <td>0.521</td>\n",
       "      <td>0.690</td>\n",
       "      <td>0.672</td>\n",
       "      <td>0.594</td>\n",
       "      <td>0.727</td>\n",
       "      <td>0.723</td>\n",
       "      <td>0.757</td>\n",
       "      <td>1.000</td>\n",
       "      <td>0.676</td>\n",
       "      <td>0.691</td>\n",
       "      <td>0.323</td>\n",
       "      <td>0.188</td>\n",
       "      <td>0.198</td>\n",
       "    </tr>\n",
       "    <tr>\n",
       "      <th>maranao</th>\n",
       "      <td>0.500</td>\n",
       "      <td>0.430</td>\n",
       "      <td>0.638</td>\n",
       "      <td>0.462</td>\n",
       "      <td>0.587</td>\n",
       "      <td>0.665</td>\n",
       "      <td>0.517</td>\n",
       "      <td>0.509</td>\n",
       "      <td>0.570</td>\n",
       "      <td>0.584</td>\n",
       "      <td>0.676</td>\n",
       "      <td>1.000</td>\n",
       "      <td>0.580</td>\n",
       "      <td>0.321</td>\n",
       "      <td>0.181</td>\n",
       "      <td>0.167</td>\n",
       "    </tr>\n",
       "    <tr>\n",
       "      <th>waray</th>\n",
       "      <td>0.425</td>\n",
       "      <td>0.411</td>\n",
       "      <td>0.483</td>\n",
       "      <td>0.565</td>\n",
       "      <td>0.623</td>\n",
       "      <td>0.575</td>\n",
       "      <td>0.457</td>\n",
       "      <td>0.498</td>\n",
       "      <td>0.602</td>\n",
       "      <td>0.644</td>\n",
       "      <td>0.691</td>\n",
       "      <td>0.580</td>\n",
       "      <td>1.000</td>\n",
       "      <td>0.295</td>\n",
       "      <td>0.179</td>\n",
       "      <td>0.172</td>\n",
       "    </tr>\n",
       "    <tr>\n",
       "      <th>chavacano</th>\n",
       "      <td>0.258</td>\n",
       "      <td>0.225</td>\n",
       "      <td>0.296</td>\n",
       "      <td>0.394</td>\n",
       "      <td>0.314</td>\n",
       "      <td>0.390</td>\n",
       "      <td>0.406</td>\n",
       "      <td>0.262</td>\n",
       "      <td>0.301</td>\n",
       "      <td>0.357</td>\n",
       "      <td>0.323</td>\n",
       "      <td>0.321</td>\n",
       "      <td>0.295</td>\n",
       "      <td>1.000</td>\n",
       "      <td>0.625</td>\n",
       "      <td>0.195</td>\n",
       "    </tr>\n",
       "    <tr>\n",
       "      <th>spanish</th>\n",
       "      <td>0.160</td>\n",
       "      <td>0.136</td>\n",
       "      <td>0.170</td>\n",
       "      <td>0.200</td>\n",
       "      <td>0.158</td>\n",
       "      <td>0.243</td>\n",
       "      <td>0.232</td>\n",
       "      <td>0.141</td>\n",
       "      <td>0.146</td>\n",
       "      <td>0.166</td>\n",
       "      <td>0.188</td>\n",
       "      <td>0.181</td>\n",
       "      <td>0.179</td>\n",
       "      <td>0.625</td>\n",
       "      <td>1.000</td>\n",
       "      <td>0.236</td>\n",
       "    </tr>\n",
       "    <tr>\n",
       "      <th>english</th>\n",
       "      <td>0.131</td>\n",
       "      <td>0.179</td>\n",
       "      <td>0.119</td>\n",
       "      <td>0.124</td>\n",
       "      <td>0.152</td>\n",
       "      <td>0.258</td>\n",
       "      <td>0.176</td>\n",
       "      <td>0.182</td>\n",
       "      <td>0.149</td>\n",
       "      <td>0.161</td>\n",
       "      <td>0.198</td>\n",
       "      <td>0.167</td>\n",
       "      <td>0.172</td>\n",
       "      <td>0.195</td>\n",
       "      <td>0.236</td>\n",
       "      <td>1.000</td>\n",
       "    </tr>\n",
       "  </tbody>\n",
       "</table>\n",
       "</div>"
      ],
      "text/plain": [
       "             ilocano  kapampangan  maguindanao  ibanag  tausug  pangasinan  \\\n",
       "ilocano        1.000        0.389        0.475   0.463   0.387       0.493   \n",
       "kapampangan    0.389        1.000        0.477   0.397   0.483       0.474   \n",
       "maguindanao    0.475        0.477        1.000   0.514   0.603       0.563   \n",
       "ibanag         0.463        0.397        0.514   1.000   0.471       0.553   \n",
       "tausug         0.387        0.483        0.603   0.471   1.000       0.559   \n",
       "pangasinan     0.493        0.474        0.563   0.553   0.559       1.000   \n",
       "kankanaey      0.438        0.396        0.488   0.492   0.571       0.684   \n",
       "tagalog        0.394        0.779        0.497   0.460   0.541       0.506   \n",
       "cebuano        0.403        0.599        0.531   0.473   0.551       0.485   \n",
       "hiligaynon     0.431        0.610        0.552   0.532   0.594       0.552   \n",
       "bikol          0.464        0.608        0.654   0.521   0.690       0.672   \n",
       "maranao        0.500        0.430        0.638   0.462   0.587       0.665   \n",
       "waray          0.425        0.411        0.483   0.565   0.623       0.575   \n",
       "chavacano      0.258        0.225        0.296   0.394   0.314       0.390   \n",
       "spanish        0.160        0.136        0.170   0.200   0.158       0.243   \n",
       "english        0.131        0.179        0.119   0.124   0.152       0.258   \n",
       "\n",
       "             kankanaey  tagalog  cebuano  hiligaynon  bikol  maranao  waray  \\\n",
       "ilocano          0.438    0.394    0.403       0.431  0.464    0.500  0.425   \n",
       "kapampangan      0.396    0.779    0.599       0.610  0.608    0.430  0.411   \n",
       "maguindanao      0.488    0.497    0.531       0.552  0.654    0.638  0.483   \n",
       "ibanag           0.492    0.460    0.473       0.532  0.521    0.462  0.565   \n",
       "tausug           0.571    0.541    0.551       0.594  0.690    0.587  0.623   \n",
       "pangasinan       0.684    0.506    0.485       0.552  0.672    0.665  0.575   \n",
       "kankanaey        1.000    0.481    0.414       0.453  0.594    0.517  0.457   \n",
       "tagalog          0.481    1.000    0.771       0.796  0.727    0.509  0.498   \n",
       "cebuano          0.414    0.771    1.000       0.858  0.723    0.570  0.602   \n",
       "hiligaynon       0.453    0.796    0.858       1.000  0.757    0.584  0.644   \n",
       "bikol            0.594    0.727    0.723       0.757  1.000    0.676  0.691   \n",
       "maranao          0.517    0.509    0.570       0.584  0.676    1.000  0.580   \n",
       "waray            0.457    0.498    0.602       0.644  0.691    0.580  1.000   \n",
       "chavacano        0.406    0.262    0.301       0.357  0.323    0.321  0.295   \n",
       "spanish          0.232    0.141    0.146       0.166  0.188    0.181  0.179   \n",
       "english          0.176    0.182    0.149       0.161  0.198    0.167  0.172   \n",
       "\n",
       "             chavacano  spanish  english  \n",
       "ilocano          0.258    0.160    0.131  \n",
       "kapampangan      0.225    0.136    0.179  \n",
       "maguindanao      0.296    0.170    0.119  \n",
       "ibanag           0.394    0.200    0.124  \n",
       "tausug           0.314    0.158    0.152  \n",
       "pangasinan       0.390    0.243    0.258  \n",
       "kankanaey        0.406    0.232    0.176  \n",
       "tagalog          0.262    0.141    0.182  \n",
       "cebuano          0.301    0.146    0.149  \n",
       "hiligaynon       0.357    0.166    0.161  \n",
       "bikol            0.323    0.188    0.198  \n",
       "maranao          0.321    0.181    0.167  \n",
       "waray            0.295    0.179    0.172  \n",
       "chavacano        1.000    0.625    0.195  \n",
       "spanish          0.625    1.000    0.236  \n",
       "english          0.195    0.236    1.000  "
      ]
     },
     "metadata": {},
     "output_type": "display_data"
    },
    {
     "name": "stdout",
     "output_type": "stream",
     "text": [
      "Distance = 1 - cosine (rounded):\n"
     ]
    },
    {
     "data": {
      "text/html": [
       "<div>\n",
       "<style scoped>\n",
       "    .dataframe tbody tr th:only-of-type {\n",
       "        vertical-align: middle;\n",
       "    }\n",
       "\n",
       "    .dataframe tbody tr th {\n",
       "        vertical-align: top;\n",
       "    }\n",
       "\n",
       "    .dataframe thead th {\n",
       "        text-align: right;\n",
       "    }\n",
       "</style>\n",
       "<table border=\"1\" class=\"dataframe\">\n",
       "  <thead>\n",
       "    <tr style=\"text-align: right;\">\n",
       "      <th></th>\n",
       "      <th>ilocano</th>\n",
       "      <th>kapampangan</th>\n",
       "      <th>maguindanao</th>\n",
       "      <th>ibanag</th>\n",
       "      <th>tausug</th>\n",
       "      <th>pangasinan</th>\n",
       "      <th>kankanaey</th>\n",
       "      <th>tagalog</th>\n",
       "      <th>cebuano</th>\n",
       "      <th>hiligaynon</th>\n",
       "      <th>bikol</th>\n",
       "      <th>maranao</th>\n",
       "      <th>waray</th>\n",
       "      <th>chavacano</th>\n",
       "      <th>spanish</th>\n",
       "      <th>english</th>\n",
       "    </tr>\n",
       "  </thead>\n",
       "  <tbody>\n",
       "    <tr>\n",
       "      <th>ilocano</th>\n",
       "      <td>0.000</td>\n",
       "      <td>0.611</td>\n",
       "      <td>0.525</td>\n",
       "      <td>0.537</td>\n",
       "      <td>0.613</td>\n",
       "      <td>0.507</td>\n",
       "      <td>0.562</td>\n",
       "      <td>0.606</td>\n",
       "      <td>0.597</td>\n",
       "      <td>0.569</td>\n",
       "      <td>0.536</td>\n",
       "      <td>0.500</td>\n",
       "      <td>0.575</td>\n",
       "      <td>0.742</td>\n",
       "      <td>0.840</td>\n",
       "      <td>0.869</td>\n",
       "    </tr>\n",
       "    <tr>\n",
       "      <th>kapampangan</th>\n",
       "      <td>0.611</td>\n",
       "      <td>0.000</td>\n",
       "      <td>0.523</td>\n",
       "      <td>0.603</td>\n",
       "      <td>0.517</td>\n",
       "      <td>0.526</td>\n",
       "      <td>0.604</td>\n",
       "      <td>0.221</td>\n",
       "      <td>0.401</td>\n",
       "      <td>0.390</td>\n",
       "      <td>0.392</td>\n",
       "      <td>0.570</td>\n",
       "      <td>0.589</td>\n",
       "      <td>0.775</td>\n",
       "      <td>0.864</td>\n",
       "      <td>0.821</td>\n",
       "    </tr>\n",
       "    <tr>\n",
       "      <th>maguindanao</th>\n",
       "      <td>0.525</td>\n",
       "      <td>0.523</td>\n",
       "      <td>-0.000</td>\n",
       "      <td>0.486</td>\n",
       "      <td>0.397</td>\n",
       "      <td>0.437</td>\n",
       "      <td>0.512</td>\n",
       "      <td>0.503</td>\n",
       "      <td>0.469</td>\n",
       "      <td>0.448</td>\n",
       "      <td>0.346</td>\n",
       "      <td>0.362</td>\n",
       "      <td>0.517</td>\n",
       "      <td>0.704</td>\n",
       "      <td>0.830</td>\n",
       "      <td>0.881</td>\n",
       "    </tr>\n",
       "    <tr>\n",
       "      <th>ibanag</th>\n",
       "      <td>0.537</td>\n",
       "      <td>0.603</td>\n",
       "      <td>0.486</td>\n",
       "      <td>0.000</td>\n",
       "      <td>0.529</td>\n",
       "      <td>0.447</td>\n",
       "      <td>0.508</td>\n",
       "      <td>0.540</td>\n",
       "      <td>0.527</td>\n",
       "      <td>0.468</td>\n",
       "      <td>0.479</td>\n",
       "      <td>0.538</td>\n",
       "      <td>0.435</td>\n",
       "      <td>0.606</td>\n",
       "      <td>0.800</td>\n",
       "      <td>0.876</td>\n",
       "    </tr>\n",
       "    <tr>\n",
       "      <th>tausug</th>\n",
       "      <td>0.613</td>\n",
       "      <td>0.517</td>\n",
       "      <td>0.397</td>\n",
       "      <td>0.529</td>\n",
       "      <td>-0.000</td>\n",
       "      <td>0.441</td>\n",
       "      <td>0.429</td>\n",
       "      <td>0.459</td>\n",
       "      <td>0.449</td>\n",
       "      <td>0.406</td>\n",
       "      <td>0.310</td>\n",
       "      <td>0.413</td>\n",
       "      <td>0.377</td>\n",
       "      <td>0.686</td>\n",
       "      <td>0.842</td>\n",
       "      <td>0.848</td>\n",
       "    </tr>\n",
       "    <tr>\n",
       "      <th>pangasinan</th>\n",
       "      <td>0.507</td>\n",
       "      <td>0.526</td>\n",
       "      <td>0.437</td>\n",
       "      <td>0.447</td>\n",
       "      <td>0.441</td>\n",
       "      <td>0.000</td>\n",
       "      <td>0.316</td>\n",
       "      <td>0.494</td>\n",
       "      <td>0.515</td>\n",
       "      <td>0.448</td>\n",
       "      <td>0.328</td>\n",
       "      <td>0.335</td>\n",
       "      <td>0.425</td>\n",
       "      <td>0.610</td>\n",
       "      <td>0.757</td>\n",
       "      <td>0.742</td>\n",
       "    </tr>\n",
       "    <tr>\n",
       "      <th>kankanaey</th>\n",
       "      <td>0.562</td>\n",
       "      <td>0.604</td>\n",
       "      <td>0.512</td>\n",
       "      <td>0.508</td>\n",
       "      <td>0.429</td>\n",
       "      <td>0.316</td>\n",
       "      <td>-0.000</td>\n",
       "      <td>0.519</td>\n",
       "      <td>0.586</td>\n",
       "      <td>0.547</td>\n",
       "      <td>0.406</td>\n",
       "      <td>0.483</td>\n",
       "      <td>0.543</td>\n",
       "      <td>0.594</td>\n",
       "      <td>0.768</td>\n",
       "      <td>0.824</td>\n",
       "    </tr>\n",
       "    <tr>\n",
       "      <th>tagalog</th>\n",
       "      <td>0.606</td>\n",
       "      <td>0.221</td>\n",
       "      <td>0.503</td>\n",
       "      <td>0.540</td>\n",
       "      <td>0.459</td>\n",
       "      <td>0.494</td>\n",
       "      <td>0.519</td>\n",
       "      <td>0.000</td>\n",
       "      <td>0.229</td>\n",
       "      <td>0.204</td>\n",
       "      <td>0.273</td>\n",
       "      <td>0.491</td>\n",
       "      <td>0.502</td>\n",
       "      <td>0.738</td>\n",
       "      <td>0.859</td>\n",
       "      <td>0.818</td>\n",
       "    </tr>\n",
       "    <tr>\n",
       "      <th>cebuano</th>\n",
       "      <td>0.597</td>\n",
       "      <td>0.401</td>\n",
       "      <td>0.469</td>\n",
       "      <td>0.527</td>\n",
       "      <td>0.449</td>\n",
       "      <td>0.515</td>\n",
       "      <td>0.586</td>\n",
       "      <td>0.229</td>\n",
       "      <td>0.000</td>\n",
       "      <td>0.142</td>\n",
       "      <td>0.277</td>\n",
       "      <td>0.430</td>\n",
       "      <td>0.398</td>\n",
       "      <td>0.699</td>\n",
       "      <td>0.854</td>\n",
       "      <td>0.851</td>\n",
       "    </tr>\n",
       "    <tr>\n",
       "      <th>hiligaynon</th>\n",
       "      <td>0.569</td>\n",
       "      <td>0.390</td>\n",
       "      <td>0.448</td>\n",
       "      <td>0.468</td>\n",
       "      <td>0.406</td>\n",
       "      <td>0.448</td>\n",
       "      <td>0.547</td>\n",
       "      <td>0.204</td>\n",
       "      <td>0.142</td>\n",
       "      <td>0.000</td>\n",
       "      <td>0.243</td>\n",
       "      <td>0.416</td>\n",
       "      <td>0.356</td>\n",
       "      <td>0.643</td>\n",
       "      <td>0.834</td>\n",
       "      <td>0.839</td>\n",
       "    </tr>\n",
       "    <tr>\n",
       "      <th>bikol</th>\n",
       "      <td>0.536</td>\n",
       "      <td>0.392</td>\n",
       "      <td>0.346</td>\n",
       "      <td>0.479</td>\n",
       "      <td>0.310</td>\n",
       "      <td>0.328</td>\n",
       "      <td>0.406</td>\n",
       "      <td>0.273</td>\n",
       "      <td>0.277</td>\n",
       "      <td>0.243</td>\n",
       "      <td>-0.000</td>\n",
       "      <td>0.324</td>\n",
       "      <td>0.309</td>\n",
       "      <td>0.677</td>\n",
       "      <td>0.812</td>\n",
       "      <td>0.802</td>\n",
       "    </tr>\n",
       "    <tr>\n",
       "      <th>maranao</th>\n",
       "      <td>0.500</td>\n",
       "      <td>0.570</td>\n",
       "      <td>0.362</td>\n",
       "      <td>0.538</td>\n",
       "      <td>0.413</td>\n",
       "      <td>0.335</td>\n",
       "      <td>0.483</td>\n",
       "      <td>0.491</td>\n",
       "      <td>0.430</td>\n",
       "      <td>0.416</td>\n",
       "      <td>0.324</td>\n",
       "      <td>0.000</td>\n",
       "      <td>0.420</td>\n",
       "      <td>0.679</td>\n",
       "      <td>0.819</td>\n",
       "      <td>0.833</td>\n",
       "    </tr>\n",
       "    <tr>\n",
       "      <th>waray</th>\n",
       "      <td>0.575</td>\n",
       "      <td>0.589</td>\n",
       "      <td>0.517</td>\n",
       "      <td>0.435</td>\n",
       "      <td>0.377</td>\n",
       "      <td>0.425</td>\n",
       "      <td>0.543</td>\n",
       "      <td>0.502</td>\n",
       "      <td>0.398</td>\n",
       "      <td>0.356</td>\n",
       "      <td>0.309</td>\n",
       "      <td>0.420</td>\n",
       "      <td>0.000</td>\n",
       "      <td>0.705</td>\n",
       "      <td>0.821</td>\n",
       "      <td>0.828</td>\n",
       "    </tr>\n",
       "    <tr>\n",
       "      <th>chavacano</th>\n",
       "      <td>0.742</td>\n",
       "      <td>0.775</td>\n",
       "      <td>0.704</td>\n",
       "      <td>0.606</td>\n",
       "      <td>0.686</td>\n",
       "      <td>0.610</td>\n",
       "      <td>0.594</td>\n",
       "      <td>0.738</td>\n",
       "      <td>0.699</td>\n",
       "      <td>0.643</td>\n",
       "      <td>0.677</td>\n",
       "      <td>0.679</td>\n",
       "      <td>0.705</td>\n",
       "      <td>0.000</td>\n",
       "      <td>0.375</td>\n",
       "      <td>0.805</td>\n",
       "    </tr>\n",
       "    <tr>\n",
       "      <th>spanish</th>\n",
       "      <td>0.840</td>\n",
       "      <td>0.864</td>\n",
       "      <td>0.830</td>\n",
       "      <td>0.800</td>\n",
       "      <td>0.842</td>\n",
       "      <td>0.757</td>\n",
       "      <td>0.768</td>\n",
       "      <td>0.859</td>\n",
       "      <td>0.854</td>\n",
       "      <td>0.834</td>\n",
       "      <td>0.812</td>\n",
       "      <td>0.819</td>\n",
       "      <td>0.821</td>\n",
       "      <td>0.375</td>\n",
       "      <td>-0.000</td>\n",
       "      <td>0.764</td>\n",
       "    </tr>\n",
       "    <tr>\n",
       "      <th>english</th>\n",
       "      <td>0.869</td>\n",
       "      <td>0.821</td>\n",
       "      <td>0.881</td>\n",
       "      <td>0.876</td>\n",
       "      <td>0.848</td>\n",
       "      <td>0.742</td>\n",
       "      <td>0.824</td>\n",
       "      <td>0.818</td>\n",
       "      <td>0.851</td>\n",
       "      <td>0.839</td>\n",
       "      <td>0.802</td>\n",
       "      <td>0.833</td>\n",
       "      <td>0.828</td>\n",
       "      <td>0.805</td>\n",
       "      <td>0.764</td>\n",
       "      <td>-0.000</td>\n",
       "    </tr>\n",
       "  </tbody>\n",
       "</table>\n",
       "</div>"
      ],
      "text/plain": [
       "             ilocano  kapampangan  maguindanao  ibanag  tausug  pangasinan  \\\n",
       "ilocano        0.000        0.611        0.525   0.537   0.613       0.507   \n",
       "kapampangan    0.611        0.000        0.523   0.603   0.517       0.526   \n",
       "maguindanao    0.525        0.523       -0.000   0.486   0.397       0.437   \n",
       "ibanag         0.537        0.603        0.486   0.000   0.529       0.447   \n",
       "tausug         0.613        0.517        0.397   0.529  -0.000       0.441   \n",
       "pangasinan     0.507        0.526        0.437   0.447   0.441       0.000   \n",
       "kankanaey      0.562        0.604        0.512   0.508   0.429       0.316   \n",
       "tagalog        0.606        0.221        0.503   0.540   0.459       0.494   \n",
       "cebuano        0.597        0.401        0.469   0.527   0.449       0.515   \n",
       "hiligaynon     0.569        0.390        0.448   0.468   0.406       0.448   \n",
       "bikol          0.536        0.392        0.346   0.479   0.310       0.328   \n",
       "maranao        0.500        0.570        0.362   0.538   0.413       0.335   \n",
       "waray          0.575        0.589        0.517   0.435   0.377       0.425   \n",
       "chavacano      0.742        0.775        0.704   0.606   0.686       0.610   \n",
       "spanish        0.840        0.864        0.830   0.800   0.842       0.757   \n",
       "english        0.869        0.821        0.881   0.876   0.848       0.742   \n",
       "\n",
       "             kankanaey  tagalog  cebuano  hiligaynon  bikol  maranao  waray  \\\n",
       "ilocano          0.562    0.606    0.597       0.569  0.536    0.500  0.575   \n",
       "kapampangan      0.604    0.221    0.401       0.390  0.392    0.570  0.589   \n",
       "maguindanao      0.512    0.503    0.469       0.448  0.346    0.362  0.517   \n",
       "ibanag           0.508    0.540    0.527       0.468  0.479    0.538  0.435   \n",
       "tausug           0.429    0.459    0.449       0.406  0.310    0.413  0.377   \n",
       "pangasinan       0.316    0.494    0.515       0.448  0.328    0.335  0.425   \n",
       "kankanaey       -0.000    0.519    0.586       0.547  0.406    0.483  0.543   \n",
       "tagalog          0.519    0.000    0.229       0.204  0.273    0.491  0.502   \n",
       "cebuano          0.586    0.229    0.000       0.142  0.277    0.430  0.398   \n",
       "hiligaynon       0.547    0.204    0.142       0.000  0.243    0.416  0.356   \n",
       "bikol            0.406    0.273    0.277       0.243 -0.000    0.324  0.309   \n",
       "maranao          0.483    0.491    0.430       0.416  0.324    0.000  0.420   \n",
       "waray            0.543    0.502    0.398       0.356  0.309    0.420  0.000   \n",
       "chavacano        0.594    0.738    0.699       0.643  0.677    0.679  0.705   \n",
       "spanish          0.768    0.859    0.854       0.834  0.812    0.819  0.821   \n",
       "english          0.824    0.818    0.851       0.839  0.802    0.833  0.828   \n",
       "\n",
       "             chavacano  spanish  english  \n",
       "ilocano          0.742    0.840    0.869  \n",
       "kapampangan      0.775    0.864    0.821  \n",
       "maguindanao      0.704    0.830    0.881  \n",
       "ibanag           0.606    0.800    0.876  \n",
       "tausug           0.686    0.842    0.848  \n",
       "pangasinan       0.610    0.757    0.742  \n",
       "kankanaey        0.594    0.768    0.824  \n",
       "tagalog          0.738    0.859    0.818  \n",
       "cebuano          0.699    0.854    0.851  \n",
       "hiligaynon       0.643    0.834    0.839  \n",
       "bikol            0.677    0.812    0.802  \n",
       "maranao          0.679    0.819    0.833  \n",
       "waray            0.705    0.821    0.828  \n",
       "chavacano        0.000    0.375    0.805  \n",
       "spanish          0.375   -0.000    0.764  \n",
       "english          0.805    0.764   -0.000  "
      ]
     },
     "metadata": {},
     "output_type": "display_data"
    },
    {
     "name": "stdout",
     "output_type": "stream",
     "text": [
      "Wrote: d:\\OneDrive\\Documents\\My Learning Resource\\University Courses\\DLSU\\2025-26\\T1\\CSC715M\\assignments\\mc01\\outputs\\cosine.csv and d:\\OneDrive\\Documents\\My Learning Resource\\University Courses\\DLSU\\2025-26\\T1\\CSC715M\\assignments\\mc01\\outputs\\distance.csv\n"
     ]
    }
   ],
   "source": [
    "import pandas as pd\n",
    "cos_df  = pd.DataFrame(S,    index=langs, columns=langs).round(3)\n",
    "dist_df = pd.DataFrame(Dist, index=langs, columns=langs).round(3)\n",
    "\n",
    "print(\"Cosine similarity (rounded):\")\n",
    "display(cos_df)\n",
    "print(\"Distance = 1 - cosine (rounded):\")\n",
    "display(dist_df)\n",
    "\n",
    "# Optional CSV export (for appendix)\n",
    "cos_df.to_csv(OUT/\"cosine.csv\", encoding=\"utf-8\")\n",
    "dist_df.to_csv(OUT/\"distance.csv\", encoding=\"utf-8\")\n",
    "print(\"Wrote:\", OUT/\"cosine.csv\", \"and\", OUT/\"distance.csv\")"
   ]
  },
  {
   "cell_type": "code",
   "execution_count": 10,
   "id": "c3cc2f63",
   "metadata": {},
   "outputs": [
    {
     "data": {
